<?xml version="1.0"?>
<opencv_storage>
<descriptors>
  <_ type_id="opencv-matrix">
    <rows>1</rows>
    <cols>16</cols>
    <dt>f</dt>
    <data>
      1.44533947e-001 4.76409681e-002 8.07825103e-002 7.61795193e-002
      3.22209448e-002 7.36478716e-002 3.19907926e-002 7.20368251e-002
      6.74338341e-002 5.43153062e-002 3.59033383e-002 5.15535101e-002
      6.62830845e-002 3.08400467e-002 1.15535095e-001 1.91024169e-002</data></_>
  <_ type_id="opencv-matrix">
    <rows>1</rows>
    <cols>16</cols>
    <dt>f</dt>
    <data>
      1.44533947e-001 4.76409681e-002 8.07825103e-002 7.61795193e-002
      3.22209448e-002 7.36478716e-002 3.19907926e-002 7.20368251e-002
      6.74338341e-002 5.43153062e-002 3.59033383e-002 5.15535101e-002
      6.62830845e-002 3.08400467e-002 1.15535095e-001 1.91024169e-002</data></_>
  <_ type_id="opencv-matrix">
    <rows>1</rows>
    <cols>16</cols>
    <dt>f</dt>
    <data>
      1.44533947e-001 4.76409681e-002 8.07825103e-002 7.61795193e-002
      3.22209448e-002 7.36478716e-002 3.19907926e-002 7.20368251e-002
      6.74338341e-002 5.43153062e-002 3.59033383e-002 5.15535101e-002
      6.62830845e-002 3.08400467e-002 1.15535095e-001 1.91024169e-002</data></_>
  <_ type_id="opencv-matrix">
    <rows>1</rows>
    <cols>16</cols>
    <dt>f</dt>
    <data>
      9.66228917e-002 5.11257052e-002 8.51313323e-002 8.46622884e-002
      5.08911833e-002 6.12101331e-002 3.35365869e-002 5.67542203e-002
      5.60506582e-002 6.07410893e-002 6.70731738e-002 8.41932446e-002
      5.55816144e-002 6.44934326e-002 5.83958738e-002 3.35365869e-002</data></_>
  <_ type_id="opencv-matrix">
    <rows>1</rows>
    <cols>16</cols>
    <dt>f</dt>
    <data>
      9.66228917e-002 5.11257052e-002 8.51313323e-002 8.46622884e-002
      5.08911833e-002 6.12101331e-002 3.35365869e-002 5.67542203e-002
      5.60506582e-002 6.07410893e-002 6.70731738e-002 8.41932446e-002
      5.55816144e-002 6.44934326e-002 5.83958738e-002 3.35365869e-002</data></_>
  <_ type_id="opencv-matrix">
    <rows>1</rows>
    <cols>16</cols>
    <dt>f</dt>
    <data>
      9.66228917e-002 5.11257052e-002 8.51313323e-002 8.46622884e-002
      5.08911833e-002 6.12101331e-002 3.35365869e-002 5.67542203e-002
      5.60506582e-002 6.07410893e-002 6.70731738e-002 8.41932446e-002
      5.55816144e-002 6.44934326e-002 5.83958738e-002 3.35365869e-002</data></_>
  <_ type_id="opencv-matrix">
    <rows>1</rows>
    <cols>16</cols>
    <dt>f</dt>
    <data>
      7.68723190e-002 5.08083142e-002 6.82942867e-002 1.09534800e-001
      6.66446686e-002 8.74298885e-002 1.08874952e-002 5.34477048e-002
      8.31408724e-002 5.57571724e-002 5.97162619e-002 7.25833029e-002
      7.98416361e-002 3.13427895e-002 5.01484647e-002 4.35499810e-002</data></_>
  <_ type_id="opencv-matrix">
    <rows>1</rows>
    <cols>16</cols>
    <dt>f</dt>
    <data>
      7.68723190e-002 5.08083142e-002 6.82942867e-002 1.09534800e-001
      6.66446686e-002 8.74298885e-002 1.08874952e-002 5.34477048e-002
      8.31408724e-002 5.57571724e-002 5.97162619e-002 7.25833029e-002
      7.98416361e-002 3.13427895e-002 5.01484647e-002 4.35499810e-002</data></_>
  <_ type_id="opencv-matrix">
    <rows>1</rows>
    <cols>16</cols>
    <dt>f</dt>
    <data>
      7.68723190e-002 5.08083142e-002 6.82942867e-002 1.09534800e-001
      6.66446686e-002 8.74298885e-002 1.08874952e-002 5.34477048e-002
      8.31408724e-002 5.57571724e-002 5.97162619e-002 7.25833029e-002
      7.98416361e-002 3.13427895e-002 5.01484647e-002 4.35499810e-002</data></_>
  <_ type_id="opencv-matrix">
    <rows>1</rows>
    <cols>16</cols>
    <dt>f</dt>
    <data>
      7.35502169e-002 4.03111763e-002 6.78925067e-002 8.48656297e-002
      3.53606790e-002 8.13295618e-002 9.19377711e-003 4.24328148e-002
      1.11739747e-001 5.09193800e-002 7.92079195e-002 5.65770864e-002
      1.08203679e-001 1.83875542e-002 1.08910896e-001 3.11173983e-002</data></_>
  <_ type_id="opencv-matrix">
    <rows>1</rows>
    <cols>16</cols>
    <dt>f</dt>
    <data>
      7.35502169e-002 4.03111763e-002 6.78925067e-002 8.48656297e-002
      3.53606790e-002 8.13295618e-002 9.19377711e-003 4.24328148e-002
      1.11739747e-001 5.09193800e-002 7.92079195e-002 5.65770864e-002
      1.08203679e-001 1.83875542e-002 1.08910896e-001 3.11173983e-002</data></_>
  <_ type_id="opencv-matrix">
    <rows>1</rows>
    <cols>16</cols>
    <dt>f</dt>
    <data>
      7.35502169e-002 4.03111763e-002 6.78925067e-002 8.48656297e-002
      3.53606790e-002 8.13295618e-002 9.19377711e-003 4.24328148e-002
      1.11739747e-001 5.09193800e-002 7.92079195e-002 5.65770864e-002
      1.08203679e-001 1.83875542e-002 1.08910896e-001 3.11173983e-002</data></_>
  <_ type_id="opencv-matrix">
    <rows>1</rows>
    <cols>16</cols>
    <dt>f</dt>
    <data>
      6.74846619e-002 8.71165693e-002 9.27607417e-002 3.33742350e-002
      3.85276079e-002 2.65030693e-002 1.14110433e-001 8.88343602e-002
      2.15950925e-002 9.10429507e-002 3.43558285e-003 1.45030677e-001
      2.25766879e-002 8.83435607e-002 4.58895713e-002 3.33742350e-002</data></_>
  <_ type_id="opencv-matrix">
    <rows>1</rows>
    <cols>16</cols>
    <dt>f</dt>
    <data>
      6.74846619e-002 8.71165693e-002 9.27607417e-002 3.33742350e-002
      3.85276079e-002 2.65030693e-002 1.14110433e-001 8.88343602e-002
      2.15950925e-002 9.10429507e-002 3.43558285e-003 1.45030677e-001
      2.25766879e-002 8.83435607e-002 4.58895713e-002 3.33742350e-002</data></_>
  <_ type_id="opencv-matrix">
    <rows>1</rows>
    <cols>16</cols>
    <dt>f</dt>
    <data>
      6.74846619e-002 8.71165693e-002 9.27607417e-002 3.33742350e-002
      3.85276079e-002 2.65030693e-002 1.14110433e-001 8.88343602e-002
      2.15950925e-002 9.10429507e-002 3.43558285e-003 1.45030677e-001
      2.25766879e-002 8.83435607e-002 4.58895713e-002 3.33742350e-002</data></_>
  <_ type_id="opencv-matrix">
    <rows>1</rows>
    <cols>16</cols>
    <dt>f</dt>
    <data>
      6.35593235e-002 1.32415250e-001 1.37711866e-002 3.17796618e-002
      1.46186441e-001 3.70762721e-002 9.53389853e-002 7.09745735e-002
      2.43644062e-002 1.15466103e-001 0. 6.03813566e-002 3.91949154e-002
      3.17796618e-002 4.76694927e-002 9.00423750e-002</data></_>
  <_ type_id="opencv-matrix">
    <rows>1</rows>
    <cols>16</cols>
    <dt>f</dt>
    <data>
      6.35593235e-002 1.32415250e-001 1.37711866e-002 3.17796618e-002
      1.46186441e-001 3.70762721e-002 9.53389853e-002 7.09745735e-002
      2.43644062e-002 1.15466103e-001 0. 6.03813566e-002 3.91949154e-002
      3.17796618e-002 4.76694927e-002 9.00423750e-002</data></_>
  <_ type_id="opencv-matrix">
    <rows>1</rows>
    <cols>16</cols>
    <dt>f</dt>
    <data>
      6.35593235e-002 1.32415250e-001 1.37711866e-002 3.17796618e-002
      1.46186441e-001 3.70762721e-002 9.53389853e-002 7.09745735e-002
      2.43644062e-002 1.15466103e-001 0. 6.03813566e-002 3.91949154e-002
      3.17796618e-002 4.76694927e-002 9.00423750e-002</data></_>
  <_ type_id="opencv-matrix">
    <rows>1</rows>
    <cols>16</cols>
    <dt>f</dt>
    <data>
      8.53376538e-002 7.90934339e-002 7.19241425e-002 6.47548586e-002
      5.34227565e-002 6.01295084e-002 6.59111962e-002 8.85753930e-002
      4.57909331e-002 7.28492141e-002 3.74653116e-002 8.99629965e-002
      4.30157259e-002 5.20351529e-002 4.85661440e-002 4.11655866e-002</data></_>
  <_ type_id="opencv-matrix">
    <rows>1</rows>
    <cols>16</cols>
    <dt>f</dt>
    <data>
      8.53376538e-002 7.90934339e-002 7.19241425e-002 6.47548586e-002
      5.34227565e-002 6.01295084e-002 6.59111962e-002 8.85753930e-002
      4.57909331e-002 7.28492141e-002 3.74653116e-002 8.99629965e-002
      4.30157259e-002 5.20351529e-002 4.85661440e-002 4.11655866e-002</data></_>
  <_ type_id="opencv-matrix">
    <rows>1</rows>
    <cols>16</cols>
    <dt>f</dt>
    <data>
      8.53376538e-002 7.90934339e-002 7.19241425e-002 6.47548586e-002
      5.34227565e-002 6.01295084e-002 6.59111962e-002 8.85753930e-002
