<?xml version="1.0"?>
<opencv_storage>
<descriptors>
  <_ type_id="opencv-matrix">
    <rows>1</rows>
    <cols>16</cols>
    <dt>f</dt>
    <data>
      7.77027011e-002 4.05405387e-002 9.31467190e-002 4.77799214e-002
      1.68918923e-001 9.84555930e-002 4.24710400e-002 2.94401534e-002
      1.01833977e-001 3.61969098e-002 2.50965245e-002 1.01351347e-002
      4.00579125e-002 6.46718144e-002 7.23938225e-003 1.16312742e-001</data></_>
  <_ type_id="opencv-matrix">
    <rows>1</rows>
    <cols>16</cols>
    <dt>f</dt>
    <data>
      7.77027011e-002 4.05405387e-002 9.31467190e-002 4.77799214e-002
      1.68918923e-001 9.84555930e-002 4.24710400e-002 2.94401534e-002
      1.01833977e-001 3.61969098e-002 2.50965245e-002 1.01351347e-002
      4.00579125e-002 6.46718144e-002 7.23938225e-003 1.16312742e-001</data></_>
  <_ type_id="opencv-matrix">
    <rows>1</rows>
    <cols>16</cols>
    <dt>f</dt>
    <data>
      7.77027011e-002 4.05405387e-002 9.31467190e-002 4.77799214e-002
      1.68918923e-001 9.84555930e-002 4.24710400e-002 2.94401534e-002
      1.01833977e-001 3.61969098e-002 2.50965245e-002 1.01351347e-002
      4.00579125e-002 6.46718144e-002 7.23938225e-003 1.16312742e-001</data></_>
  <_ type_id="opencv-matrix">
    <rows>1</rows>
    <cols>16</cols>
    <dt>f</dt>
    <data>
      6.27646372e-002 4.53300141e-002 6.15193062e-002 5.03113344e-002
      8.44333768e-002 6.32627681e-002 7.74595290e-002 1.09838113e-001
      6.57534301e-002 5.10585308e-002 6.00249097e-002 2.39103362e-002
      9.21544209e-002 5.05603999e-002 2.06724796e-002 8.09464529e-002</data></_>
  <_ type_id="opencv-matrix">
    <rows>1</rows>
    <cols>16</cols>
    <dt>f</dt>
    <data>
      6.27646372e-002 4.53300141e-002 6.15193062e-002 5.03113344e-002
      8.44333768e-002 6.32627681e-002 7.74595290e-002 1.09838113e-001
      6.57534301e-002 5.10585308e-002 6.00249097e-002 2.39103362e-002
      9.21544209e-002 5.05603999e-002 2.06724796e-002 8.09464529e-002</data></_>
  <_ type_id="opencv-matrix">
    <rows>1</rows>
    <cols>16</cols>
    <dt>f</dt>
    <data>
      6.27646372e-002 4.53300141e-002 6.15193062e-002 5.03113344e-002
      8.44333768e-002 6.32627681e-002 7.74595290e-002 1.09838113e-001
      6.57534301e-002 5.10585308e-002 6.00249097e-002 2.39103362e-002
      9.21544209e-002 5.05603999e-002 2.06724796e-002 8.09464529e-002</data></_>
  <_ type_id="opencv-matrix">
    <rows>1</rows>
    <cols>16</cols>
    <dt>f</dt>
    <data>
      5.80283552e-002 7.18760267e-002 1.15397297e-001 4.08836119e-002
      7.48433918e-002 9.19881314e-002 6.29739538e-002 5.60501143e-002
      8.11078101e-002 5.30827567e-002 6.33036569e-002 7.91295711e-003
      7.81404525e-002 5.76986484e-002 7.25354441e-003 7.94592798e-002</data></_>
  <_ type_id="opencv-matrix">
    <rows>1</rows>
    <cols>16</cols>
    <dt>f</dt>
    <data>
      5.80283552e-002 7.18760267e-002 1.15397297e-001 4.08836119e-002
      7.48433918e-002 9.19881314e-002 6.29739538e-002 5.60501143e-002
      8.11078101e-002 5.30827567e-002 6.33036569e-002 7.91295711e-003
      7.81404525e-002 5.76986484e-002 7.25354441e-003 7.94592798e-002</data></_>
  <_ type_id="opencv-matrix">
    <rows>1</rows>
    <cols>16</cols>
    <dt>f</dt>
    <data>
      5.80283552e-002 7.18760267e-002 1.15397297e-001 4.08836119e-002
      7.48433918e-002 9.19881314e-002 6.29739538e-002 5.60501143e-002
      8.11078101e-002 5.30827567e-002 6.33036569e-002 7.91295711e-003
      7.81404525e-002 5.76986484e-002 7.25354441e-003 7.94592798e-002</data></_>
  <_ type_id="opencv-matrix">
    <rows>1</rows>
    <cols>16</cols>
    <dt>f</dt>
    <data>
      2.83889286e-002 4.54222858e-002 8.30376148e-002 7.16820434e-002
      7.87792802e-002 1.10007100e-001 5.11000715e-002 3.05180978e-002
      1.00780696e-001 4.61320095e-002 1.17104329e-001 1.20652951e-002
      7.09723234e-002 9.08445716e-002 1.41944643e-003 6.17459193e-002</data></_>
  <_ type_id="opencv-matrix">
    <rows>1</rows>
    <cols>16</cols>
    <dt>f</dt>
    <data>
      2.83889286e-002 4.54222858e-002 8.30376148e-002 7.16820434e-002
      7.87792802e-002 1.10007100e-001 5.11000715e-002 3.05180978e-002
      1.00780696e-001 4.61320095e-002 1.17104329e-001 1.20652951e-002
      7.09723234e-002 9.08445716e-002 1.41944643e-003 6.17459193e-002</data></_>
  <_ type_id="opencv-matrix">
    <rows>1</rows>
    <cols>16</cols>
    <dt>f</dt>
    <data>
      2.83889286e-002 4.54222858e-002 8.30376148e-002 7.16820434e-002
      7.87792802e-002 1.10007100e-001 5.11000715e-002 3.05180978e-002
      1.00780696e-001 4.61320095e-002 1.17104329e-001 1.20652951e-002
      7.09723234e-002 9.08445716e-002 1.41944643e-003 6.17459193e-002</data></_>
  <_ type_id="opencv-matrix">
    <rows>1</rows>
    <cols>16</cols>
    <dt>f</dt>
    <data>
      2.33181581e-001 5.15933223e-002 4.95700538e-002 5.36165908e-002
      4.65351529e-002 2.22559422e-002 2.98431963e-002 1.60849765e-001
      2.73141116e-002 5.96863925e-002 1.51745067e-003 3.28780971e-002
      3.94537188e-002 5.00758737e-002 1.17855333e-001 2.37733945e-002</data></_>
  <_ type_id="opencv-matrix">
    <rows>1</rows>
    <cols>16</cols>
    <dt>f</dt>
    <data>
      2.33181581e-001 5.15933223e-002 4.95700538e-002 5.36165908e-002
      4.65351529e-002 2.22559422e-002 2.98431963e-002 1.60849765e-001
      2.73141116e-002 5.96863925e-002 1.51745067e-003 3.28780971e-002
      3.94537188e-002 5.00758737e-002 1.17855333e-001 2.37733945e-002</data></_>
  <_ type_id="opencv-matrix">
    <rows>1</rows>
    <cols>16</cols>
    <dt>f</dt>
    <data>
      2.33181581e-001 5.15933223e-002 4.95700538e-002 5.36165908e-002
      4.65351529e-002 2.22559422e-002 2.98431963e-002 1.60849765e-001
      2.73141116e-002 5.96863925e-002 1.51745067e-003 3.28780971e-002
      3.94537188e-002 5.00758737e-002 1.17855333e-001 2.37733945e-002</data></_>
  <_ type_id="opencv-matrix">
    <rows>1</rows>
    <cols>16</cols>
    <dt>f</dt>
    <data>
      1.28371090e-001 1.37001067e-001 1.05717361e-001 3.77562009e-002
      6.25674203e-002 2.69687157e-002 1.18662342e-002 1.52103558e-001
      4.53074425e-002 4.85436879e-002 0. 3.55987027e-002 6.25674203e-002
      4.09924462e-002 9.06148851e-002 1.40237324e-002</data></_>
  <_ type_id="opencv-matrix">
    <rows>1</rows>
    <cols>16</cols>
    <dt>f</dt>
    <data>
      1.28371090e-001 1.37001067e-001 1.05717361e-001 3.77562009e-002
      6.25674203e-002 2.69687157e-002 1.18662342e-002 1.52103558e-001
      4.53074425e-002 4.85436879e-002 0. 3.55987027e-002 6.25674203e-002
      4.09924462e-002 9.06148851e-002 1.40237324e-002</data></_>
  <_ type_id="opencv-matrix">
    <rows>1</rows>
    <cols>16</cols>
    <dt>f</dt>
    <data>
      1.28371090e-001 1.37001067e-001 1.05717361e-001 3.77562009e-002
      6.25674203e-002 2.69687157e-002 1.18662342e-002 1.52103558e-001
      4.53074425e-002 4.85436879e-002 0. 3.55987027e-002 6.25674203e-002
      4.09924462e-002 9.06148851e-002 1.40237324e-002</data></_>
  <_ type_id="opencv-matrix">
    <rows>1</rows>
    <cols>16</cols>
    <dt>f</dt>
    <data>
      1.65571079e-001 6.57354146e-002 8.62777308e-002 5.79293333e-002
      6.28594905e-002 5.58751039e-002 1.43796224e-002 5.99835664e-002
      5.79293333e-002 7.47740343e-002 4.31388654e-002 1.97206251e-002
      1.72555465e-002 7.92933479e-002 7.60065764e-002 6.32703379e-002</data></_>
  <_ type_id="opencv-matrix">
    <rows>1</rows>
    <cols>16</cols>
    <dt>f</dt>
    <data>
      1.65571079e-001 6.57354146e-002 8.62777308e-002 5.79293333e-002
      6.28594905e-002 5.58751039e-002 1.43796224e-002 5.99835664e-002
      5.79293333e-002 7.47740343e-002 4.31388654e-002 1.97206251e-002
      1.72555465e-002 7.92933479e-002 7.60065764e-002 6.32703379e-002</data></_>
  <_ type_id="opencv-matrix">
    <rows>1</rows>
    <cols>16</cols>
    <dt>f</dt>
    <data>
      1.65571079e-001 6.57354146e-002 8.62777308e-002 5.79293333e-002
      6.28594905e-002 5.58751039e-002 1.43796224e-002 5.99835664e-002
